n = 36;
max_investment = 750;
SODA = {'AB Root Beer', 'Popsi Kola', '11 Down', 'Alpine Stream', 'Bright', 'Mr. Popper', 'Crisp Clear', 'Koala Kola', 'DC Kola'};
soda_family = ['Dark', 'Clear', 'Dark', 'Clear', 'Clear', 'Dark', 'Clear', 'Dark', 'Dark'];
normalPrice = [3.8425, 1.56, 1.75, 2.2275, 1.29, 2.985, 1.47, 2.565, 1.9325];
normalQuantity = [414.0552315233731, 152.1772936405573, 210.2953825858499, 104.8372729804446, 2663.8434281990044, 24.098438584058385, 116.11557168695253, 1029.616590103608, 634.1590562690039];
promotionalQuantity = [241.07707900109335, 157.7694074583328, 270.4797866044205, 116.11557168695253, 247.04876709000882, 210.2953825858499, 232.34741328834525, 286.2523772277782, 330.2580312726195, 180.79426762237335, 193.04539579042603, 104.8372729804446, 1029.616590103608, 1059.019297706935, 1110.4740360127576, 1034.5170413708288, 2663.8434281990044, 2671.194105099836, 2680.995007634279, 174.22932434305267, 198.73158067915847, 152.1772936405573, 255.0867702522023, 634.1590562690039, 641.5097331698357, 675.8128920403847, 651.3106357042784, 524.3153850358499, 485.11177489808006, 414.0552315233731, 443.45793912670024, 158.86084843264143, 24.098438584058385, 107.40611012681939, 112.30656139404027, 114.75678702765072];
promotionalPrice = [1.3425, 1.4275, 1.3125, 1.47, 1.7125, 1.75, 1.7275, 1.6725, 1.9975, 2.15, 2.1375, 2.2275, 2.565, 2.535, 2.4825, 2.56, 1.29, 1.2825, 1.2725, 1.5375, 1.5125, 1.56, 1.455, 1.9325, 1.925, 1.89, 1.915, 3.73, 3.77, 3.8425, 3.8125, 2.8475, 2.985, 2.9, 2.895, 2.8925];
product_type = ['Crisp Clear', 'Crisp Clear', 'Crisp Clear', 'Crisp Clear', 'Popsi Kola', 'Popsi Kola', 'Popsi Kola', 'Popsi Kola', 'Alpine Stream', 'Alpine Stream', 'Alpine Stream', 'Alpine Stream', 'Koala Kola', 'Koala Kola', 'Koala Kola', 'Koala Kola', 'Bright', 'Bright', 'Bright', '11 Down', '11 Down', '11 Down', '11 Down', 'DC Kola', 'DC Kola', 'DC Kola', 'DC Kola', 'AB Root Beer', 'AB Root Beer', 'AB Root Beer', 'AB Root Beer', 'Mr. Popper', 'Mr. Popper', 'Mr. Popper', 'Mr. Popper', 'Mr. Popper'];
FAMILY = {'Clear', 'Dark'};
